3333333333333333333333333333333333333333
3000000000000000000000000000000000000003
3010000000000000000000000000000000000003
3000000000000000000000000000000000000003
3000000000000000000000000000000000000003
3000000000000000000000000000000000000003
3000000000000000000000000000000000000003
3000000000000000000000000000000000000003
3000000000000000000000000000000000000003
3000000000000000000000000000000000000003
3000000000000000000000000000000000000003
3000000000000000000000000000000000000003
3000000000000000000000000000000000000003
3000000000000000000000000000000000000003
3000000000000000000000000000000000000003
3000000000000000000000000000000000000003
3000000000000000000000000000000000000003
3000000000000000000000000000000000000003
3000000000000000000000000000000000000003
3000000000000000000000000000000000000003
3000000000000000000000000000000000000003
3333333333333333333333333333333333333333