3333333333333333333333333333333333333333
3300000000000000000000000000000000034133
3300000000000000000000000000000000030033
3300000000000000000000000000000000037333
3300050000000000000000000000000000000033
3300000000000000000000000000000000006033
3300000000000000000000000000000000000033
3300000000000000000000000000000000000033
3300000000000000000000000000000000000033
3300000000000000000000000000000000000033
3300000000000000000000000000000000000033
3300000000000000000000000000000000000033
3300000000000000000000000000000000000033
3300000000000000000000000000000000000033
3300000000000000000000000000000000000033
3300000000000000000000000000000000000033
3300000000000000000000000000000000020033
3300000000000000000000000000000000002033
3300000000000000000000000000000000222033
3300000000000000000000000000000000000033
3300000000000000000000000000000000000033
3333333333333333333333333333333333333333