3333333333333333333333333333333333333333
3300000000000000000000000000000000000033
3300000000000000000000000000000000000033
3300000000000000000000000000000005000033
3300000000000000000000000000000000000033
3300000000000000000000000000000000000033
3300000000000000000000000000000000000033
3300000000000000000000000000000000000033
3300000000000000000000000000000000000033
3300000000000000000000000000000000000033
3300000000000000000000000000000000000033
3300000000000000000600000000000000000033
3300000000000000000000000000000000000033
3300000000000000000000000000000000000033
3333333333333333333733333333333333333333
3300000000000000000000000000000000000033
3300000000220000000000000000000000000033
3300000000000000000400000000000000000033
3300000000200000000000000000000001000033
3300002000002000000000000000000000000033
3300000000000000000000000000000000000033
3333333333333333333333333333333333333333