3333333333333333333333333333333333333333
3300000000000000000003333333333333333333
3300100000000000000003333333333333333333
3300000000000020000003333333333333333333
3300000000000000000003333333333333333333
3300020000000000000003533333333333333333
3300000000000000000003333333333333333333
3300000004200000000003333333333333333333
3300000000000000000003333333333333333333
3333333337333333333333333333333333333333
3300000000000000000000000000000000000033
3300000000000000000000000000000000000033
3300000000000000000000000000000000000033
3300000000000000000000000000000000000033
3300000000000000000000000000000000000033
3300000000000000000000000000000000000033
3300000000002220000000000000000000000033
3300000000000000000000000000000033333333
3333333333333333333300000000000030000033
3333333333333333333300000000000070060033
3333333333333533333300000000000030000033
3333333333333333333333333333333333333333