3333333333333333333333333333333333333333
3300000000000000000000000000000000333533
3301000000000000000000000000000000333333
3300000000000000000020220000000000333333
3300000000000000000000220000000000333333
3300000000000000000004000000000000000033
3300000000000000000000000000000000000033
3333333333333333333733333333333333333333
3300000000000000000000000000000000000033
3300000000000000000000000000000000000033
3300000000000000000000000000000000500033
3300000000000000000000000000000000000033
3300000000000000000000000000000000000033
3300000000000000000000000000000000000033
3300000000000000000000000000000000000033
3300000000000000000000000000000033333333
3300000000000000000000000000000030000033
3300000000000000000000000000000030000033
3300000000000000000004000000000070060033
3300000000000000000000000000000030000033
3300000000000000000000000000000030000033
3333333333333333333333333333333333333333