3333333333333333333333333333333333333333
3000000000000000000000000000000000000003
3000000000000000000000000020000000000003
3000000000000000000000002020000000000003
3000000000000022000000220000000000000003
3000000000000200020000220000000000002203
3022000000002000002000220000000000002203
3022000000002000202200002020000000000003
3000000000002000002000000020000000000003
3000000000000200020000000000000000000003
3000000000000022000000000000000000000003
3000000000000000000000000000000000000003
3000000000000000000000000000000000000003
3000000000000000000000000000000000000003
3022000000000000000000000000000000000003
3020000000000000000000000000000000000003
3000000000000000000000000000000000000003
3333300000000000000000000000000000000003
3041700006000000000000000000000000000003
3333300000000000000000000000000005000003
3333300000000000000000000000000000000003
3333333333333333333333333333333333333333