3333333333333333333333333333333333333333
3000000000000000000000000000000000000003
3000000000000000000000000000000000000003
3000000000000000000000002022000000000003
3000000000000022000000220000000000000003
3000000000000200020000220000000000000003
3000000000002000000200220000000000000003
3000000000002000202200002022000000000003
3000000000002000000200000000000000000003
3000000000000200020000000000000000000003
3000000000000022000000000000000000000003
3000000000000000000000000000000000000003
3330001000000000000000000000000000000333
3003300000000000004000000000000000033003
3000033000000000000000000000000003300003
3000000333333333337333333333333330000003
3000000000000000000000000000000000000003
3000000000000000000000000000000000000003
3000000000000000006000000000000000000003
3000000000000000000000000000000005000003
3000000000000000000000000000000000000003
3333333333333333333333333333333333333333