3333333333333333333333333333333333333333
3000000000000000003000000000000000000003
3010000000200000003220000000000000000003
3000000040000000003050000000000000000003
3333333373333333333000000000033333333333
3000000000000000000000000000033333333333
3000000000000000000000000000033533333333
3000000000000000004000000000033333333333
3333333333333333337333333333333333333333
3000000000000000000000000000000000000003
3000000000000000000000000000000000000003
3000000000000000006000000000000000000003
3000000000000000000000000000000000000003
3000000020000000000000000000002000000003
3000000202000000000000000000220220000003
3000000202000000000000000000020200000003
3000000020000000000000000000002000000003
3000000000000000000000000000000000000003
3000000000000000000000000000000000000003
3000000000000000000000000000000000000003
3000000000000000000000000000000000000003
3333333333333333333333333333333333333333