3333333333333333333333333333333333333333
3220000000000000000000000000000000002203
3200000000000000001000000000000000000203
3000000000000000004000000000000000000003
3000000000000000033300000000000000000003
3000000000000000332330000000000000000003
3000000000000000320230000000000000000003
3000000000000000320230000000000000000003
3000000000000000332330000000000000000003
3000000000000003333333000000000000000003
3000000000000003335333000000000000000003
3000000000000003333333000000000000000003
3000000000000003333333000000000000000003
3000000000000000333330000000000000000003
3000000000000000000000000000000000000003
3000000000000000000000000000000000000003
3000000000000000000000000000000000000003
3000000000000000000000000000000000000003
3000000000000000037300000000000000000003
3000000000000000036300000000000000000003
3000000000000000030300000000000000000003
3333333333333333333333333333333333333333