3333333333333333333333333333333333333333
3000000000000000000000000000000000000003
3000000000000000004000000000000000000003
3000000000000000000000000000000000000003
3000000000000000001000000000000000000003
3000000002220202002200200202020000000003
3000000000200222020020220202200000000003
3000000000200202022220202202200000000003
3000000000200202020020200202020000000003
3000000000000000000000000000000000000003
3000000000000020202220202000000000000003
3000000000000022202620202000000000000003
3000000000000000202020202000000000000003
3000000000000022202220222000000000000003
3000000000000000000000000000000000000003
3000000000000000000000000000000000000003
3000000000000000000000000000000000000003
3000000000000000000000000000000000000003
3000000000000000000000000000000000000003
3000000000000000000000000000000000000003
3000000000000000000000000000000000000003
3333333333333333333333333333333333333333